--- SA2OPT algorithm results for the problem berlin52.tsp ---

Node_ID    X-coo        Y-coo
1         565.000000   575.000000
2         25.000000   185.000000
3         345.000000   750.000000
4         945.000000   685.000000
5         845.000000   655.000000
6         880.000000   660.000000
7         25.000000   230.000000
8         525.000000   1000.000000
9         580.000000   1175.000000
10         650.000000   1130.000000
11         1605.000000   620.000000
12         1220.000000   580.000000
13         1465.000000   200.000000
14         1530.000000   5.000000
15         845.000000   680.000000
16         725.000000   370.000000
17         145.000000   665.000000
18         415.000000   635.000000
19         510.000000   875.000000
20         560.000000   365.000000
21         300.000000   465.000000
22         520.000000   585.000000
23         480.000000   415.000000
24         835.000000   625.000000
25         975.000000   580.000000
26         1215.000000   245.000000
27         1320.000000   315.000000
28         1250.000000   400.000000
29         660.000000   180.000000
30         410.000000   250.000000
31         420.000000   555.000000
32         575.000000   665.000000
33         1150.000000   1160.000000
34         700.000000   580.000000
35         685.000000   595.000000
36         685.000000   610.000000
37         770.000000   610.000000
38         795.000000   645.000000
39         720.000000   635.000000
40         760.000000   650.000000
41         475.000000   960.000000
42         95.000000   260.000000
43         875.000000   920.000000
44         700.000000   500.000000
45         555.000000   815.000000
46         830.000000   485.000000
47         1170.000000   65.000000
48         830.000000   610.000000
49         605.000000   625.000000
50         595.000000   360.000000
51         1340.000000   725.000000
52         1740.000000   245.000000

Size of tour: 52
MSTlen: 7906.786457

Number of unique elements: 52

---Final Tour---
1 49 32 18 31 21 42 2 7 17 3 45 19 41 8 9 10 43 33 51 11 52 14 13 47 26 27 28 12 25 46 48 24 5 6 4 15 38 37 40 39 36 35 34 44 16 29 50 20 30 23 22 1

Final Tour Length: 7906.786457

---Execution Time---
1.950106 seconds
