--- SA2OPT algorithm results for the problem nrw1379.tsp ---

Node_ID    X-coo        Y-coo
1         2918.000000   6528.000000
2         2925.000000   6597.000000
3         2926.000000   6609.000000
4         2927.000000   6312.000000
5         2930.000000   6328.000000
6         2934.000000   6545.000000
7         2938.000000   7412.000000
8         2941.000000   6456.000000
9         2945.000000   6284.000000
10         2947.000000   6663.000000
11         2948.000000   6513.000000
12         2948.000000   7456.000000
13         2950.000000   6350.000000
14         2950.000000   6480.000000
15         2951.000000   7293.000000
16         2959.000000   6385.000000
17         2963.000000   6476.000000
18         2965.000000   6450.000000
19         2965.000000   6602.000000
20         2968.000000   7322.000000
21         2969.000000   6212.000000
22         2972.000000   6406.000000
23         2973.000000   6671.000000
24         2977.000000   6493.000000
25         2981.000000   6576.000000
26         2982.000000   6333.000000
27         2983.000000   7487.000000
28         2987.000000   6551.000000
29         2995.000000   7425.000000
30         3001.000000   6577.000000
31         3002.000000   6598.000000
32         3004.000000   6394.000000
33         3005.000000   6345.000000
34         3007.000000   7303.000000
35         3009.000000   6209.000000
36         3009.000000   6657.000000
37         3010.000000   6230.000000
38         3010.000000   6643.000000
39         3014.000000   6478.000000
40         3018.000000   6382.000000
41         3019.000000   7435.000000
42         3020.000000   6429.000000
43         3021.000000   6137.000000
44         3024.000000   6768.000000
45         3025.000000   6547.000000
46         3026.000000   6604.000000
47         3026.000000   7407.000000
48         3026.000000   7421.000000
49         3029.000000   5998.000000
50         3029.000000   6048.000000
51         3033.000000   6180.000000
52         3033.000000   6639.000000
53         3035.000000   6801.000000
54         3036.000000   6232.000000
55         3036.000000   6669.000000
56         3038.000000   7183.000000
57         3038.000000   7291.000000
58         3042.000000   7212.000000
59         3045.000000   6035.000000
60         3045.000000   6846.000000
61         3046.000000   6527.000000
62         3046.000000   7502.000000
63         3048.000000   6270.000000
64         3048.000000   6488.000000
65         3048.000000   6886.000000
66         3049.000000   6691.000000
67         3051.000000   6572.000000
68         3052.000000   6596.000000
69         3052.000000   6753.000000
70         3053.000000   6639.000000
71         3055.000000   7323.000000
72         3056.000000   7378.000000
73         3057.000000   6012.000000
74         3057.000000   6351.000000
75         3058.000000   6070.000000
76         3062.000000   7227.000000
77         3063.000000   6054.000000
78         3064.000000   6217.000000
79         3065.000000   6534.000000
80         3068.000000   6450.000000
81         3068.000000   6788.000000
82         3068.000000   7146.000000
83         3072.000000   6121.000000
84         3076.000000   6326.000000
85         3078.000000   6724.000000
86         3079.000000   6259.000000
87         3080.000000   6857.000000
88         3082.000000   6348.000000
89         3083.000000   6505.000000
90         3086.000000   7082.000000
91         3087.000000   6768.000000
92         3087.000000   7046.000000
93         3088.000000   6091.000000
94         3088.000000   7339.000000
95         3090.000000   6962.000000
96         3093.000000   6059.000000
97         3093.000000   6374.000000
98         3093.000000   6414.000000
99         3093.000000   7177.000000
100         3095.000000   6567.000000
101         3096.000000   6686.000000
102         3097.000000   6766.000000
103         3097.000000   6984.000000
104         3099.000000   6275.000000
105         3099.000000   6833.000000
106         3101.000000   7028.000000
107         3102.000000   6459.000000
108         3103.000000   7463.000000
109         3104.000000   6870.000000
110         3107.000000   6900.000000
111         3110.000000   6091.000000
112         3113.000000   6336.000000
113         3115.000000   7272.000000
114         3116.000000   6445.000000
115         3116.000000   6489.000000
116         3117.000000   7239.000000
117         3118.000000   7194.000000
118         3122.000000   6617.000000
119         3124.000000   6563.000000
120         3124.000000   7075.000000
121         3125.000000   7161.000000
122         3128.000000   6113.000000
123         3130.000000   7349.000000
124         3135.000000   6650.000000
125         3139.000000   6528.000000
126         3140.000000   6372.000000
127         3140.000000   6807.000000
128         3141.000000   6324.000000
129         3143.000000   6440.000000
130         3143.000000   7104.000000
131         3144.000000   6595.000000
132         3145.000000   5877.000000
133         3145.000000   6750.000000
134         3145.000000   7447.000000
135         3146.000000   6063.000000
136         3147.000000   6176.000000
137         3147.000000   6981.000000
138         3148.000000   6097.000000
139         3148.000000   6902.000000
140         3148.000000   7403.000000
141         3152.000000   6204.000000
142         3155.000000   6692.000000
143         3157.000000   5987.000000
144         3159.000000   5921.000000
145         3159.000000   6482.000000
146         3161.000000   6627.000000
147         3163.000000   6220.000000
148         3165.000000   6020.000000
149         3167.000000   6844.000000
150         3170.000000   6146.000000
151         3170.000000   7025.000000
152         3171.000000   6372.000000
153         3175.000000   6440.000000
154         3175.000000   7163.000000
155         3176.000000   7033.000000
156         3177.000000   6887.000000
157         3179.000000   6246.000000
158         3179.000000   7078.000000
159         3182.000000   6331.000000
160         3182.000000   6578.000000
161         3182.000000   6810.000000
162         3183.000000   5959.000000
163         3183.000000   7202.000000
164         3186.000000   6354.000000
165         3186.000000   6469.000000
166         3188.000000   6184.000000
167         3188.000000   6672.000000
168         3188.000000   7242.000000
169         3188.000000   7304.000000
170         3189.000000   6617.000000
171         3194.000000   5840.000000
172         3194.000000   6531.000000
173         3195.000000   6031.000000
174         3196.000000   7354.000000
175         3201.000000   6507.000000
176         3203.000000   6221.000000
177         3203.000000   6930.000000
178         3203.000000   7370.000000
179         3205.000000   6412.000000
180         3205.000000   7014.000000
181         3206.000000   7425.000000
182         3208.000000   6743.000000
183         3208.000000   6860.000000
184         3211.000000   5999.000000
185         3212.000000   6360.000000
186         3214.000000   6564.000000
187         3214.000000   7119.000000
188         3215.000000   6709.000000
189         3216.000000   6115.000000
190         3217.000000   7074.000000
191         3218.000000   6482.000000
192         3218.000000   6673.000000
193         3219.000000   6636.000000
194         3220.000000   6396.000000
195         3220.000000   6868.000000
196         3222.000000   6992.000000
197         3224.000000   6262.000000
198         3225.000000   6180.000000
199         3225.000000   7283.000000
200         3227.000000   6951.000000
201         3228.000000   6241.000000
202         3228.000000   7468.000000
203         3230.000000   6050.000000
204         3230.000000   6303.000000
205         3231.000000   6833.000000
206         3234.000000   6449.000000
207         3240.000000   7257.000000
208         3241.000000   5956.000000
209         3241.000000   6806.000000
210         3244.000000   6696.000000
211         3245.000000   6479.000000
212         3245.000000   7040.000000
213         3247.000000   6222.000000
214         3247.000000   6594.000000
215         3247.000000   7384.000000
216         3251.000000   6670.000000
217         3252.000000   6879.000000
218         3253.000000   7013.000000
219         3253.000000   7334.000000
220         3253.000000   7451.000000
221         3254.000000   6637.000000
222         3255.000000   5840.000000
223         3257.000000   6251.000000
224         3258.000000   6503.000000
225         3259.000000   6332.000000
226         3261.000000   6101.000000
227         3262.000000   6982.000000
228         3264.000000   6735.000000
229         3266.000000   5874.000000
230         3267.000000   6133.000000
231         3268.000000   6938.000000
232         3269.000000   7278.000000
233         3270.000000   6012.000000
234         3270.000000   6558.000000
235         3272.000000   5994.000000
236         3275.000000   7480.000000
237         3276.000000   6459.000000
238         3278.000000   7163.000000
239         3281.000000   6521.000000
240         3282.000000   6792.000000
241         3284.000000   5940.000000
242         3285.000000   7434.000000
243         3288.000000   6170.000000
244         3288.000000   6294.000000
245         3289.000000   6203.000000
246         3289.000000   6817.000000
247         3292.000000   6452.000000
248         3294.000000   6654.000000
249         3295.000000   6737.000000
250         3296.000000   6114.000000
251         3296.000000   6342.000000
252         3296.000000   6512.000000
253         3296.000000   6602.000000
254         3296.000000   7079.000000
255         3301.000000   6897.000000
256         3302.000000   6138.000000
257         3302.000000   6364.000000
258         3302.000000   6572.000000
259         3303.000000   7012.000000
260         3304.000000   6231.000000
261         3305.000000   6263.000000
262         3306.000000   6706.000000
263         3307.000000   7184.000000
264         3310.000000   6391.000000
265         3310.000000   6490.000000
266         3310.000000   6622.000000
267         3313.000000   6600.000000
268         3314.000000   5898.000000
269         3316.000000   6102.000000
270         3319.000000   6878.000000
271         3320.000000   6859.000000
272         3322.000000   5956.000000
273         3322.000000   6189.000000
274         3323.000000   7155.000000
275         3324.000000   7129.000000
276         3325.000000   7223.000000
277         3328.000000   6735.000000
278         3329.000000   5833.000000
279         3329.000000   5896.000000
280         3329.000000   6986.000000
281         3333.000000   7057.000000
282         3334.000000   6638.000000
283         3335.000000   6253.000000
284         3336.000000   6088.000000
285         3336.000000   6124.000000
286         3336.000000   6360.000000
287         3336.000000   6662.000000
288         3337.000000   7128.000000
289         3337.000000   7335.000000
290         3339.000000   6065.000000
291         3339.000000   6756.000000
292         3340.000000   5974.000000
293         3340.000000   6424.000000
294         3340.000000   6908.000000
295         3341.000000   6177.000000
296         3341.000000   6305.000000
297         3341.000000   6820.000000
298         3341.000000   7490.000000
299         3345.000000   6469.000000
300         3351.000000   6889.000000
301         3351.000000   7198.000000
302         3353.000000   7048.000000
303         3353.000000   7376.000000
304         3355.000000   7255.000000
305         3358.000000   7024.000000
306         3359.000000   7454.000000
307         3362.000000   5997.000000
308         3364.000000   6412.000000
309         3364.000000   6913.000000
310         3366.000000   6174.000000
311         3366.000000   6501.000000
312         3368.000000   6993.000000
313         3369.000000   5819.000000
314         3369.000000   6698.000000
315         3369.000000   6835.000000
316         3370.000000   6111.000000
317         3371.000000   6489.000000
318         3375.000000   6450.000000
319         3376.000000   7219.000000
320         3377.000000   6964.000000
321         3378.000000   6093.000000
322         3378.000000   6531.000000
323         3379.000000   5933.000000
324         3379.000000   6809.000000
325         3381.000000   6372.000000
326         3381.000000   6556.000000
327         3381.000000   6740.000000
328         3382.000000   6232.000000
329         3382.000000   6654.000000
330         3382.000000   6707.000000
331         3382.000000   6860.000000
332         3386.000000   6015.000000
333         3388.000000   6951.000000
334         3390.000000   7505.000000
335         3391.000000   7068.000000
336         3392.000000   5909.000000
337         3392.000000   6420.000000
338         3394.000000   6258.000000
339         3394.000000   7102.000000
340         3395.000000   6795.000000
341         3398.000000   6296.000000
342         3398.000000   7178.000000
343         3398.000000   7327.000000
344         3400.000000   6586.000000
345         3404.000000   6166.000000
346         3404.000000   6633.000000
347         3404.000000   6950.000000
348         3405.000000   7046.000000
349         3406.000000   5820.000000
350         3406.000000   6080.000000
351         3406.000000   6194.000000
352         3406.000000   7166.000000
353         3409.000000   7117.000000
354         3410.000000   6776.000000
355         3411.000000   6130.000000
356         3411.000000   6336.000000
357         3412.000000   6509.000000
358         3413.000000   6691.000000
359         3413.000000   7017.000000
360         3415.000000   7453.000000
361         3417.000000   6022.000000
362         3418.000000   6364.000000
363         3418.000000   6405.000000
364         3419.000000   6479.000000
365         3421.000000   6973.000000
366         3422.000000   6535.000000
367         3423.000000   6053.000000
368         3425.000000   6875.000000
369         3427.000000   6294.000000
370         3427.000000   6853.000000
371         3427.000000   7021.000000
372         3428.000000   5978.000000
373         3429.000000   7061.000000
374         3432.000000   6245.000000
375         3433.000000   6448.000000
376         3433.000000   7140.000000
377         3435.000000   6929.000000
378         3437.000000   6139.000000
379         3439.000000   7260.000000
380         3441.000000   7183.000000
381         3443.000000   6472.000000
382         3443.000000   6643.000000
383         3444.000000   6338.000000
384         3446.000000   6193.000000
385         3446.000000   6601.000000
386         3449.000000   7080.000000
387         3450.000000   7104.000000
388         3452.000000   6766.000000
389         3452.000000   7003.000000
390         3452.000000   7060.000000
391         3453.000000   6103.000000
392         3454.000000   6704.000000
393         3454.000000   7220.000000
394         3455.000000   6882.000000
395         3456.000000   6905.000000
396         3456.000000   6923.000000
397         3457.000000   6936.000000
398         3458.000000   6193.000000
399         3458.000000   6514.000000
400         3458.000000   7386.000000
401         3459.000000   6310.000000
402         3460.000000   6417.000000
403         3461.000000   6163.000000
404         3464.000000   6272.000000
405         3464.000000   6375.000000
406         3465.000000   7099.000000
407         3466.000000   6125.000000
408         3466.000000   6952.000000
409         3470.000000   6075.000000
410         3471.000000   6541.000000
411         3471.000000   7523.000000
412         3472.000000   6772.000000
413         3473.000000   6225.000000
414         3475.000000   6479.000000
415         3477.000000   6245.000000
416         3478.000000   6451.000000
417         3482.000000   6101.000000
418         3482.000000   6393.000000
419         3485.000000   6621.000000
420         3485.000000   7114.000000
421         3486.000000   6710.000000
422         3487.000000   5976.000000
423         3489.000000   6356.000000
424         3489.000000   6888.000000
425         3490.000000   6153.000000
426         3490.000000   6750.000000
427         3492.000000   7720.000000
428         3495.000000   5927.000000
429         3496.000000   6650.000000
430         3500.000000   6756.000000
431         3501.000000   6372.000000
432         3502.000000   6488.000000
433         3503.000000   6124.000000
434         3503.000000   6588.000000
435         3503.000000   6845.000000
436         3503.000000   7129.000000
437         3508.000000   7090.000000
438         3508.000000   7667.000000
439         3509.000000   6699.000000
440         3510.000000   6223.000000
441         3510.000000   7023.000000
442         3510.000000   7370.000000
443         3512.000000   7123.000000
444         3512.000000   7275.000000
445         3515.000000   6172.000000
446         3516.000000   6910.000000
447         3516.000000   6977.000000
448         3517.000000   7048.000000
449         3519.000000   7459.000000
450         3520.000000   7107.000000
451         3522.000000   6645.000000
452         3524.000000   6325.000000
453         3524.000000   6618.000000
454         3526.000000   6171.000000
455         3526.000000   6992.000000
456         3526.000000   7347.000000
457         3526.000000   7525.000000
458         3527.000000   6200.000000
459         3527.000000   6532.000000
460         3528.000000   6149.000000
461         3528.000000   6288.000000
462         3530.000000   6557.000000
463         3530.000000   7286.000000
464         3531.000000   6470.000000
465         3532.000000   6513.000000
466         3534.000000   7566.000000
467         3536.000000   6267.000000
468         3537.000000   6460.000000
469         3541.000000   6802.000000
470         3542.000000   6424.000000
471         3542.000000   6882.000000
472         3543.000000   6358.000000
473         3544.000000   6762.000000
474         3545.000000   6584.000000
475         3550.000000   6097.000000
476         3552.000000   6845.000000
477         3552.000000   7154.000000
478         3553.000000   6250.000000
479         3557.000000   6279.000000
480         3557.000000   6325.000000
481         3557.000000   7180.000000
482         3558.000000   7206.000000
483         3559.000000   6703.000000
484         3563.000000   6473.000000
485         3563.000000   7097.000000
486         3564.000000   6757.000000
487         3565.000000   6448.000000
488         3565.000000   6573.000000
489         3565.000000   6631.000000
490         3568.000000   6542.000000
491         3568.000000   6921.000000
492         3569.000000   6363.000000
493         3570.000000   6401.000000
494         3570.000000   7349.000000
495         3570.000000   7502.000000
496         3571.000000   7619.000000
497         3572.000000   7699.000000
498         3574.000000   7773.000000
499         3575.000000   6159.000000
500         3575.000000   6439.000000
501         3576.000000   6344.000000
502         3577.000000   7041.000000
503         3577.000000   7434.000000
504         3578.000000   6076.000000
505         3578.000000   6121.000000
506         3578.000000   6317.000000
507         3581.000000   6249.000000
508         3582.000000   6608.000000
509         3586.000000   6513.000000
510         3587.000000   6566.000000
511         3587.000000   6877.000000
512         3589.000000   6793.000000
513         3592.000000   6663.000000
514         3593.000000   6544.000000
515         3594.000000   7253.000000
516         3596.000000   6219.000000
517         3598.000000   7029.000000
518         3601.000000   6970.000000
519         3603.000000   6093.000000
520         3604.000000   6691.000000
521         3606.000000   7698.000000
522         3606.000000   7716.000000
523         3607.000000   7151.000000
524         3609.000000   6729.000000
525         3610.000000   6945.000000
526         3610.000000   7221.000000
527         3611.000000   6631.000000
528         3611.000000   6764.000000
529         3612.000000   6582.000000
530         3615.000000   7508.000000
531         3617.000000   6305.000000
532         3619.000000   7357.000000
533         3620.000000   7021.000000
534         3622.000000   6258.000000
535         3623.000000   6597.000000
536         3624.000000   6192.000000
537         3625.000000   6280.000000
538         3630.000000   6823.000000
539         3630.000000   7103.000000
540         3630.000000   7311.000000
541         3630.000000   7572.000000
542         3639.000000   6152.000000
543         3639.000000   6261.000000
544         3639.000000   6889.000000
545         3639.000000   7712.000000
546         3642.000000   6330.000000
547         3646.000000   7509.000000
548         3652.000000   7207.000000
549         3652.000000   7853.000000
550         3653.000000   6765.000000
551         3653.000000   7404.000000
552         3653.000000   7436.000000
553         3655.000000   6108.000000
554         3655.000000   6955.000000
555         3657.000000   6213.000000
556         3657.000000   6761.000000
557         3660.000000   6105.000000
558         3660.000000   7566.000000
559         3660.000000   7825.000000
560         3661.000000   6701.000000
561         3666.000000   6945.000000
562         3669.000000   6855.000000
563         3674.000000   7592.000000
564         3675.000000   7133.000000
565         3678.000000   7181.000000
566         3680.000000   6638.000000
567         3681.000000   6287.000000
568         3681.000000   6546.000000
569         3681.000000   6603.000000
570         3682.000000   6093.000000
571         3682.000000   7121.000000
572         3683.000000   6222.000000
573         3683.000000   7305.000000
574         3684.000000   6578.000000
575         3685.000000   7245.000000
576         3688.000000   6499.000000
577         3688.000000   7442.000000
578         3692.000000   6903.000000
579         3699.000000   6157.000000
580         3699.000000   7769.000000
581         3702.000000   6303.000000
582         3702.000000   7657.000000
583         3703.000000   6467.000000
584         3703.000000   7754.000000
585         3705.000000   6667.000000
586         3706.000000   6193.000000
587         3706.000000   6625.000000
588         3709.000000   7044.000000
589         3710.000000   7167.000000
590         3711.000000   6762.000000
591         3711.000000   7345.000000
592         3713.000000   6222.000000
593         3716.000000   6117.000000
594         3717.000000   6422.000000
595         3717.000000   7631.000000
596         3721.000000   6252.000000
597         3722.000000   6128.000000
598         3722.000000   7118.000000
599         3723.000000   6391.000000
600         3726.000000   6152.000000
601         3731.000000   6715.000000
602         3732.000000   6353.000000
603         3732.000000   6497.000000
604         3732.000000   7375.000000
605         3734.000000   6286.000000
606         3734.000000   6609.000000
607         3736.000000   6948.000000
608         3739.000000   7546.000000
609         3742.000000   6329.000000
610         3742.000000   6520.000000
611         3743.000000   6208.000000
612         3744.000000   6811.000000
613         3745.000000   6555.000000
614         3745.000000   6762.000000
615         3748.000000   7333.000000
616         3749.000000   6115.000000
617         3750.000000   6664.000000
618         3753.000000   7194.000000
619         3757.000000   6174.000000
620         3758.000000   7507.000000
621         3760.000000   7450.000000
622         3762.000000   7041.000000
623         3763.000000   7856.000000
624         3768.000000   7110.000000
625         3771.000000   6742.000000
626         3773.000000   7368.000000
627         3773.000000   7642.000000
628         3774.000000   6440.000000
629         3776.000000   7638.000000
630         3777.000000   6153.000000
631         3777.000000   6905.000000
632         3777.000000   7783.000000
633         3778.000000   6476.000000
634         3779.000000   6340.000000
635         3779.000000   7308.000000
636         3781.000000   6920.000000
637         3782.000000   6630.000000
638         3783.000000   6723.000000
639         3785.000000   6568.000000
640         3786.000000   6185.000000
641         3789.000000   6258.000000
642         3789.000000   7229.000000
643         3792.000000   6322.000000
644         3793.000000   6432.000000
645         3794.000000   7726.000000
646         3797.000000   7188.000000
647         3800.000000   6781.000000
648         3800.000000   6879.000000
649         3801.000000   6132.000000
650         3803.000000   6974.000000
651         3812.000000   7509.000000
652         3814.000000   6484.000000
653         3814.000000   7430.000000
654         3815.000000   6828.000000
655         3817.000000   7647.000000
656         3819.000000   6529.000000
657         3819.000000   7209.000000
658         3819.000000   7327.000000
659         3821.000000   6194.000000
660         3826.000000   7594.000000
661         3827.000000   6338.000000
662         3827.000000   6754.000000
663         3828.000000   7117.000000
664         3830.000000   6606.000000
665         3830.000000   7541.000000
666         3833.000000   7286.000000
667         3836.000000   7747.000000
668         3838.000000   6480.000000
669         3838.000000   6673.000000
670         3840.000000   6864.000000
671         3842.000000   7708.000000
672         3844.000000   6439.000000
673         3845.000000   6241.000000
674         3845.000000   6996.000000
675         3847.000000   6206.000000
676         3848.000000   7062.000000
677         3852.000000   7851.000000
678         3853.000000   6732.000000
679         3857.000000   7232.000000
680         3860.000000   7784.000000
681         3861.000000   6838.000000
682         3862.000000   6526.000000
683         3867.000000   7124.000000
684         3867.000000   7781.000000
685         3868.000000   7089.000000
686         3868.000000   7541.000000
687         3869.000000   6558.000000
688         3872.000000   6801.000000
689         3874.000000   7135.000000
690         3875.000000   7678.000000
691         3879.000000   7469.000000
692         3882.000000   6399.000000
693         3882.000000   7294.000000
694         3883.000000   6327.000000
695         3883.000000   6636.000000
696         3883.000000   6936.000000
697         3884.000000   6491.000000
698         3887.000000   7409.000000
699         3890.000000   7889.000000
700         3891.000000   6257.000000
701         3892.000000   7196.000000
702         3892.000000   7354.000000
703         3896.000000   7037.000000
704         3896.000000   7260.000000
705         3897.000000   7098.000000
706         3899.000000   6554.000000
707         3900.000000   7753.000000
708         3901.000000   7435.000000
709         3904.000000   6206.000000
710         3905.000000   6514.000000
711         3905.000000   7076.000000
712         3906.000000   6376.000000
713         3907.000000   7857.000000
714         3908.000000   6247.000000
715         3909.000000   6717.000000
716         3909.000000   6948.000000
717         3909.000000   7544.000000
718         3910.000000   7590.000000
719         3912.000000   6441.000000
720         3914.000000   6975.000000
721         3917.000000   6611.000000
722         3918.000000   7502.000000
723         3922.000000   6497.000000
724         3922.000000   7166.000000
725         3922.000000   7358.000000
726         3931.000000   6906.000000
727         3932.000000   6792.000000
728         3934.000000   6571.000000
729         3935.000000   6329.000000
730         3935.000000   7075.000000
731         3937.000000   7926.000000
732         3938.000000   7745.000000
733         3941.000000   7243.000000
734         3943.000000   6415.000000
735         3944.000000   6624.000000
736         3945.000000   6548.000000
737         3945.000000   7612.000000
738         3946.000000   7279.000000
739         3949.000000   7666.000000
740         3951.000000   6710.000000
741         3951.000000   7782.000000
742         3952.000000   6975.000000
743         3952.000000   7522.000000
744         3955.000000   6234.000000
745         3959.000000   7453.000000
746         3962.000000   6280.000000
747         3962.000000   7708.000000
748         3968.000000   7868.000000
749         3969.000000   6486.000000
750         3970.000000   6773.000000
751         3970.000000   6822.000000
752         3971.000000   6594.000000
753         3973.000000   6395.000000
754         3973.000000   6997.000000
755         3975.000000   7136.000000
756         3977.000000   6841.000000
757         3977.000000   6970.000000
758         3981.000000   7202.000000
759         3982.000000   7190.000000
760         3983.000000   7111.000000
761         3983.000000   7233.000000
762         3983.000000   7322.000000
763         3984.000000   7985.000000
764         3985.000000   6443.000000
765         3987.000000   6246.000000
766         3988.000000   7533.000000
767         3991.000000   6265.000000
768         3991.000000   7882.000000
769         3993.000000   7416.000000
770         3994.000000   7087.000000
771         3995.000000   6531.000000
772         3995.000000   7564.000000
773         3995.000000   7808.000000
774         3999.000000   7292.000000
775         4000.000000   7342.000000
776         4004.000000   6894.000000
777         4004.000000   6964.000000
778         4004.000000   6997.000000
779         4005.000000   6480.000000
780         4006.000000   7146.000000
781         4007.000000   6288.000000
782         4012.000000   7753.000000
783         4014.000000   6652.000000
784         4014.000000   7823.000000
785         4023.000000   7175.000000
786         4027.000000   6364.000000
787         4030.000000   7126.000000
788         4032.000000   6560.000000
789         4032.000000   7316.000000
790         4032.000000   7917.000000
791         4034.000000   6912.000000
792         4038.000000   7486.000000
793         4038.000000   7945.000000
794         4041.000000   6270.000000
795         4043.000000   7096.000000
796         4045.000000   6422.000000
797         4045.000000   6743.000000
798         4046.000000   6620.000000
799         4046.000000   6797.000000
800         4047.000000   7717.000000
801         4050.000000   8038.000000
802         4051.000000   7057.000000
803         4051.000000   7381.000000
804         4052.000000   7661.000000
805         4053.000000   6527.000000
806         4054.000000   6409.000000
807         4054.000000   7240.000000
808         4055.000000   6864.000000
809         4055.000000   7044.000000
810         4057.000000   7573.000000
811         4059.000000   7190.000000
812         4062.000000   7903.000000
813         4064.000000   6994.000000
814         4064.000000   7161.000000
815         4065.000000   7124.000000
816         4067.000000   6319.000000
817         4068.000000   7508.000000
818         4068.000000   7806.000000
819         4068.000000   8111.000000
820         4073.000000   6832.000000
821         4073.000000   7220.000000
822         4079.000000   7325.000000
823         4084.000000   6489.000000
824         4085.000000   6352.000000
825         4089.000000   6450.000000
826         4092.000000   7098.000000
827         4094.000000   7442.000000
828         4095.000000   6921.000000
829         4095.000000   7524.000000
830         4097.000000   7278.000000
831         4099.000000   7251.000000
832         4100.000000   6450.000000
833         4103.000000   6966.000000
834         4110.000000   7601.000000
835         4118.000000   6553.000000
836         4119.000000   7150.000000
837         4122.000000   6868.000000
838         4122.000000   7390.000000
839         4122.000000   7924.000000
840         4123.000000   6700.000000
841         4123.000000   7222.000000
842         4126.000000   6430.000000
843         4127.000000   6635.000000
844         4127.000000   7522.000000
845         4128.000000   7349.000000
846         4129.000000   8025.000000
847         4130.000000   6489.000000
848         4130.000000   7212.000000
849         4130.000000   7469.000000
850         4131.000000   6836.000000
851         4133.000000   6563.000000
852         4136.000000   6764.000000
853         4137.000000   7763.000000
854         4139.000000   6790.000000
855         4141.000000   7276.000000
856         4142.000000   6528.000000
857         4142.000000   7646.000000
858         4143.000000   7167.000000
859         4143.000000   7862.000000
860         4144.000000   6931.000000
861         4146.000000   7030.000000
862         4149.000000   6815.000000
863         4163.000000   6989.000000
864         4164.000000   7013.000000
865         4167.000000   6922.000000
866         4167.000000   7594.000000
867         4168.000000   7065.000000
868         4170.000000   7348.000000
869         4171.000000   7964.000000
870         4173.000000   7905.000000
871         4176.000000   6816.000000
872         4177.000000   6457.000000
873         4177.000000   7111.000000
874         4180.000000   7250.000000
875         4183.000000   7517.000000
876         4189.000000   6400.000000
877         4189.000000   6963.000000
878         4190.000000   7288.000000
879         4190.000000   7857.000000
880         4192.000000   6529.000000
881         4193.000000   7437.000000
882         4199.000000   6805.000000
883         4203.000000   6997.000000
884         4204.000000   6698.000000
885         4204.000000   7221.000000
886         4204.000000   7650.000000
887         4210.000000   6464.000000
888         4210.000000   7199.000000
889         4210.000000   7532.000000
890         4211.000000   6866.000000
891         4213.000000   6389.000000
892         4214.000000   6736.000000
893         4214.000000   7048.000000
894         4214.000000   7147.000000
895         4217.000000   6902.000000
896         4218.000000   6845.000000
897         4220.000000   7736.000000
898         4223.000000   7817.000000
899         4224.000000   6927.000000
900         4233.000000   7048.000000
901         4234.000000   6638.000000
902         4235.000000   7347.000000
903         4237.000000   7959.000000
904         4241.000000   7015.000000
905         4245.000000   6506.000000
906         4246.000000   6964.000000
907         4248.000000   7468.000000
908         4249.000000   7114.000000
909         4250.000000   6425.000000
910         4253.000000   7406.000000
911         4254.000000   6907.000000
912         4257.000000   6387.000000
913         4260.000000   7916.000000
914         4263.000000   7167.000000
915         4265.000000   6583.000000
916         4266.000000   6627.000000
917         4266.000000   6832.000000
918         4271.000000   7268.000000
919         4275.000000   6788.000000
920         4276.000000   7059.000000
921         4276.000000   7423.000000
922         4278.000000   7195.000000
923         4279.000000   7610.000000
924         4281.000000   6979.000000
925         4282.000000   6686.000000
926         4283.000000   6502.000000
927         4283.000000   6989.000000
928         4284.000000   7039.000000
929         4285.000000   6376.000000
930         4287.000000   6315.000000
931         4292.000000   6259.000000
932         4292.000000   7524.000000
933         4293.000000   6825.000000
934         4294.000000   6917.000000
935         4297.000000   7773.000000
936         4298.000000   6460.000000
937         4300.000000   6546.000000
938         4300.000000   6764.000000
939         4303.000000   6402.000000
940         4306.000000   6710.000000
941         4307.000000   6866.000000
942         4308.000000   7558.000000
943         4309.000000   7108.000000
944         4312.000000   6645.000000
945         4314.000000   6359.000000
946         4314.000000   6604.000000
947         4322.000000   6971.000000
948         4324.000000   6307.000000
949         4328.000000   6822.000000
950         4329.000000   7388.000000
951         4331.000000   7430.000000
952         4336.000000   6713.000000
953         4337.000000   6401.000000
954         4337.000000   7238.000000
955         4337.000000   7665.000000
956         4338.000000   7076.000000
957         4339.000000   7337.000000
958         4340.000000   6856.000000
959         4341.000000   7482.000000
960         4343.000000   7597.000000
961         4348.000000   6326.000000
962         4348.000000   6469.000000
963         4348.000000   6580.000000
964         4349.000000   6942.000000
965         4351.000000   6214.000000
966         4351.000000   6613.000000
967         4357.000000   6445.000000
968         4360.000000   6534.000000
969         4360.000000   6652.000000
970         4361.000000   7371.000000
971         4363.000000   6594.000000
972         4365.000000   6810.000000
973         4366.000000   6404.000000
974         4366.000000   6867.000000
975         4366.000000   7461.000000
976         4368.000000   6402.000000
977         4370.000000   6291.000000
978         4370.000000   7071.000000
979         4371.000000   6977.000000
980         4372.000000   6751.000000
981         4375.000000   6494.000000
982         4375.000000   7229.000000
983         4376.000000   7203.000000
984         4382.000000   7134.000000
985         4384.000000   6229.000000
986         4388.000000   6692.000000
987         4391.000000   6189.000000
988         4393.000000   6834.000000
989         4393.000000   7533.000000
990         4395.000000   7052.000000
991         4396.000000   6435.000000
992         4396.000000   6866.000000
993         4396.000000   7630.000000
994         4398.000000   6322.000000
995         4398.000000   6369.000000
996         4398.000000   7052.000000
997         4400.000000   6291.000000
998         4404.000000   6943.000000
999         4405.000000   6541.000000
1000         4408.000000   7239.000000
1001         4410.000000   7417.000000
1002         4413.000000   6718.000000
1003         4414.000000   7586.000000
1004         4416.000000   6680.000000
1005         4417.000000   7353.000000
1006         4418.000000   6628.000000
1007         4418.000000   6792.000000
1008         4419.000000   7651.000000
1009         4421.000000   6591.000000
1010         4421.000000   7474.000000
1011         4423.000000   6914.000000
1012         4424.000000   7151.000000
1013         4430.000000   6829.000000
1014         4430.000000   7318.000000
1015         4433.000000   7033.000000
1016         4443.000000   6389.000000
1017         4444.000000   7500.000000
1018         4448.000000   6334.000000
1019         4452.000000   7389.000000
1020         4454.000000   6868.000000
1021         4454.000000   7690.000000
1022         4461.000000   7222.000000
1023         4466.000000   6740.000000
1024         4469.000000   7236.000000
1025         4470.000000   6789.000000
1026         4471.000000   6423.000000
1027         4472.000000   7563.000000
1028         4477.000000   7177.000000
1029         4478.000000   6483.000000
1030         4478.000000   7114.000000
1031         4478.000000   7476.000000
1032         4480.000000   7029.000000
1033         4480.000000   7158.000000
1034         4480.000000   7635.000000
1035         4481.000000   6681.000000
1036         4481.000000   7315.000000
1037         4484.000000   6646.000000
1038         4488.000000   6512.000000
1039         4493.000000   7291.000000
1040         4497.000000   6973.000000
1041         4498.000000   7703.000000
1042         4500.000000   6665.000000
1043         4501.000000   6884.000000
1044         4501.000000   7412.000000
1045         4502.000000   6572.000000
1046         4506.000000   7554.000000
1047         4507.000000   6552.000000
1048         4508.000000   6491.000000
1049         4511.000000   7619.000000
1050         4514.000000   6832.000000
1051         4517.000000   6930.000000
1052         4519.000000   6707.000000
1053         4521.000000   7721.000000
1054         4525.000000   7436.000000
1055         4526.000000   7069.000000
1056         4528.000000   6430.000000
1057         4533.000000   7359.000000
1058         4535.000000   7032.000000
1059         4535.000000   7118.000000
1060         4538.000000   6901.000000
1061         4539.000000   7645.000000
1062         4542.000000   6455.000000
1063         4542.000000   7177.000000
1064         4543.000000   6534.000000
1065         4545.000000   6355.000000
1066         4546.000000   6398.000000
1067         4549.000000   7243.000000
1068         4551.000000   6988.000000
1069         4551.000000   7599.000000
1070         4555.000000   8101.000000
1071         4558.000000   6772.000000
1072         4561.000000   7198.000000
1073         4561.000000   7673.000000
1074         4563.000000   6673.000000
1075         4566.000000   7130.000000
1076         4567.000000   7387.000000
1077         4568.000000   6527.000000
1078         4569.000000   7266.000000
1079         4572.000000   7504.000000
1080         4574.000000   6553.000000
1081         4575.000000   6488.000000
1082         4576.000000   7710.000000
1083         4577.000000   6770.000000
1084         4577.000000   7649.000000
1085         4579.000000   7338.000000
1086         4581.000000   7203.000000
1087         4582.000000   6897.000000
1088         4584.000000   6838.000000
1089         4584.000000   8095.000000
1090         4585.000000   7186.000000
1091         4587.000000   6512.000000
1092         4588.000000   6585.000000
1093         4590.000000   6416.000000
1094         4591.000000   7078.000000
1095         4594.000000   7549.000000
1096         4597.000000   8040.000000
1097         4598.000000   7614.000000
1098         4598.000000   7690.000000
1099         4601.000000   6907.000000
1100         4602.000000   6999.000000
1101         4602.000000   7125.000000
1102         4606.000000   7042.000000
1103         4606.000000   7394.000000
1104         4608.000000   7263.000000
1105         4608.000000   7290.000000
1106         4610.000000   6440.000000
1107         4611.000000   7630.000000
1108         4613.000000   7451.000000
1109         4615.000000   6802.000000
1110         4617.000000   7420.000000
1111         4623.000000   6479.000000
1112         4625.000000   7716.000000
1113         4626.000000   7077.000000
1114         4626.000000   8069.000000
1115         4628.000000   6707.000000
1116         4629.000000   7830.000000
1117         4629.000000   8024.000000
1118         4630.000000   6911.000000
1119         4630.000000   7574.000000
1120         4631.000000   7327.000000
1121         4632.000000   6522.000000
1122         4632.000000   6775.000000
1123         4633.000000   7207.000000
1124         4634.000000   7654.000000
1125         4638.000000   8095.000000
1126         4639.000000   6747.000000
1127         4641.000000   6678.000000
1128         4644.000000   6844.000000
1129         4645.000000   6893.000000
1130         4645.000000   7550.000000
1131         4647.000000   7883.000000
1132         4649.000000   6493.000000
1133         4649.000000   7401.000000
1134         4651.000000   7762.000000
1135         4654.000000   6816.000000
1136         4655.000000   7981.000000
1137         4657.000000   6925.000000
1138         4657.000000   7947.000000
1139         4658.000000   7846.000000
1140         4659.000000   6599.000000
1141         4660.000000   7601.000000
1142         4661.000000   7475.000000
1143         4662.000000   7205.000000
1144         4663.000000   7014.000000
1145         4664.000000   7798.000000
1146         4664.000000   8123.000000
1147         4668.000000   7139.000000
1148         4669.000000   7717.000000
1149         4671.000000   7612.000000
1150         4672.000000   6783.000000
1151         4674.000000   6845.000000
1152         4675.000000   6711.000000
1153         4678.000000   7555.000000
1154         4680.000000   7629.000000
1155         4683.000000   8040.000000
1156         4686.000000   7928.000000
1157         4693.000000   7382.000000
1158         4695.000000   7109.000000
1159         4696.000000   6665.000000
1160         4697.000000   7297.000000
1161         4699.000000   7344.000000
1162         4699.000000   7760.000000
1163         4700.000000   7253.000000
1164         4700.000000   7446.000000
1165         4700.000000   7980.000000
1166         4701.000000   6934.000000
1167         4705.000000   6877.000000
1168         4710.000000   7049.000000
1169         4713.000000   7549.000000
1170         4713.000000   8130.000000
1171         4714.000000   8093.000000
1172         4715.000000   7283.000000
1173         4715.000000   7828.000000
1174         4715.000000   7857.000000
1175         4718.000000   7143.000000
1176         4718.000000   7824.000000
1177         4725.000000   6742.000000
1178         4727.000000   7241.000000
1179         4729.000000   7642.000000
1180         4730.000000   7598.000000
1181         4730.000000   7684.000000
1182         4735.000000   7735.000000
1183         4736.000000   6617.000000
1184         4736.000000   7000.000000
1185         4736.000000   7494.000000
1186         4738.000000   7791.000000
1187         4738.000000   7994.000000
1188         4739.000000   8087.000000
1189         4740.000000   6659.000000
1190         4741.000000   7766.000000
1191         4743.000000   7314.000000
1192         4743.000000   7947.000000
1193         4744.000000   7084.000000
1194         4748.000000   7591.000000
1195         4748.000000   8027.000000
1196         4749.000000   8174.000000
1197         4751.000000   6913.000000
1198         4751.000000   7920.000000
1199         4753.000000   6958.000000
1200         4756.000000   7869.000000
1201         4760.000000   7169.000000
1202         4761.000000   6760.000000
1203         4763.000000   6889.000000
1204         4766.000000   7407.000000
1205         4766.000000   7694.000000
1206         4767.000000   8112.000000
1207         4768.000000   7209.000000
1208         4768.000000   7338.000000
1209         4770.000000   6683.000000
1210         4771.000000   7586.000000
1211         4772.000000   7938.000000
1212         4773.000000   6930.000000
1213         4774.000000   7775.000000
1214         4776.000000   7640.000000
1215         4776.000000   7910.000000
1216         4778.000000   7735.000000
1217         4778.000000   8065.000000
1218         4780.000000   8002.000000
1219         4784.000000   7311.000000
1220         4791.000000   7259.000000
1221         4792.000000   7073.000000
1222         4794.000000   7620.000000
1223         4795.000000   6713.000000
1224         4795.000000   7827.000000
1225         4796.000000   7018.000000
1226         4800.000000   7873.000000
1227         4801.000000   7572.000000
1228         4803.000000   7911.000000
1229         4805.000000   7327.000000
1230         4809.000000   6974.000000
1231         4812.000000   7126.000000
1232         4812.000000   7233.000000
1233         4813.000000   6920.000000
1234         4817.000000   7673.000000
1235         4820.000000   7942.000000
1236         4822.000000   7067.000000
1237         4823.000000   7507.000000
1238         4827.000000   7980.000000
1239         4829.000000   7701.000000
1240         4833.000000   7293.000000
1241         4836.000000   7192.000000
1242         4838.000000   7813.000000
1243         4839.000000   7635.000000
1244         4839.000000   7685.000000
1245         4840.000000   7129.000000
1246         4846.000000   6963.000000
1247         4849.000000   7759.000000
1248         4852.000000   7886.000000
1249         4859.000000   7719.000000
1250         4861.000000   7926.000000
1251         4863.000000   7157.000000
1252         4863.000000   7599.000000
1253         4865.000000   7808.000000
1254         4867.000000   7662.000000
1255         4868.000000   7835.000000
1256         4869.000000   7551.000000
1257         4875.000000   7956.000000
1258         4876.000000   7366.000000
1259         4881.000000   6947.000000
1260         4883.000000   7025.000000
1261         4883.000000   7755.000000
1262         4885.000000   7530.000000
1263         4885.000000   7863.000000
1264         4886.000000   7634.000000
1265         4887.000000   7187.000000
1266         4887.000000   7236.000000
1267         4891.000000   7124.000000
1268         4892.000000   7393.000000
1269         4895.000000   7585.000000
1270         4897.000000   7267.000000
1271         4898.000000   7321.000000
1272         4899.000000   7005.000000
1273         4899.000000   8000.000000
1274         4904.000000   7788.000000
1275         4906.000000   7907.000000
1276         4909.000000   7066.000000
1277         4910.000000   7698.000000
1278         4912.000000   7847.000000
1279         4916.000000   7802.000000
1280         4917.000000   7536.000000
1281         4918.000000   7492.000000
1282         4919.000000   7958.000000
1283         4920.000000   7661.000000
1284         4920.000000   7743.000000
1285         4930.000000   7178.000000
1286         4933.000000   7636.000000
1287         4939.000000   7887.000000
1288         4943.000000   7929.000000
1289         4944.000000   7985.000000
1290         4945.000000   7869.000000
1291         4947.000000   7528.000000
1292         4954.000000   7673.000000
1293         4954.000000   7864.000000
1294         4955.000000   7288.000000
1295         4956.000000   7220.000000
1296         4963.000000   7343.000000
1297         4964.000000   7318.000000
1298         4968.000000   7724.000000
1299         4971.000000   7474.000000
1300         4977.000000   7767.000000
1301         4979.000000   8026.000000
1302         4980.000000   7814.000000
1303         4982.000000   8073.000000
1304         4985.000000   7143.000000
1305         4988.000000   7490.000000
1306         4988.000000   7882.000000
1307         4990.000000   7364.000000
1308         4992.000000   7407.000000
1309         4996.000000   7741.000000
1310         4996.000000   8017.000000
1311         4997.000000   7983.000000
1312         5000.000000   7246.000000
1313         5000.000000   7592.000000
1314         5005.000000   7643.000000
1315         5009.000000   7698.000000
1316         5013.000000   7313.000000
1317         5013.000000   7574.000000
1318         5013.000000   7828.000000
1319         5019.000000   8067.000000
1320         5021.000000   7083.000000
1321         5024.000000   7434.000000
1322         5025.000000   7190.000000
1323         5025.000000   7515.000000
1324         5025.000000   8085.000000
1325         5029.000000   7867.000000
1326         5036.000000   7421.000000
1327         5038.000000   7114.000000
1328         5040.000000   7241.000000
1329         5041.000000   7344.000000
1330         5045.000000   7623.000000
1331         5048.000000   8141.000000
1332         5057.000000   7723.000000
1333         5061.000000   7063.000000
1334         5064.000000   7459.000000
1335         5065.000000   7284.000000
1336         5065.000000   7543.000000
1337         5069.000000   6992.000000
1338         5070.000000   7490.000000
1339         5071.000000   8133.000000
1340         5077.000000   7714.000000
1341         5077.000000   7744.000000
1342         5080.000000   7382.000000
1343         5080.000000   7595.000000
1344         5085.000000   7074.000000
1345         5086.000000   7641.000000
1346         5088.000000   7681.000000
1347         5090.000000   7158.000000
1348         5093.000000   7186.000000
1349         5103.000000   7037.000000
1350         5103.000000   7231.000000
1351         5116.000000   7131.000000
1352         5117.000000   7614.000000
1353         5126.000000   7292.000000
1354         5131.000000   7473.000000
1355         5136.000000   7469.000000
1356         5141.000000   7094.000000
1357         5149.000000   7419.000000
1358         5155.000000   7064.000000
1359         5156.000000   7259.000000
1360         5158.000000   7404.000000
1361         5162.000000   7172.000000
1362         5167.000000   7134.000000
1363         5169.000000   7560.000000
1364         5175.000000   7503.000000
1365         5190.000000   7226.000000
1366         5193.000000   7432.000000
1367         5193.000000   7473.000000
1368         5195.000000   7089.000000
1369         5202.000000   7192.000000
1370         5206.000000   7285.000000
1371         5206.000000   7358.000000
1372         5211.000000   7329.000000
1373         5212.000000   7134.000000
1374         5219.000000   7419.000000
1375         5239.000000   7285.000000
1376         5250.000000   7312.000000
1377         5259.000000   7234.000000
1378         5263.000000   7358.000000
1379         5294.000000   7376.000000

Size of tour: 1379
MSTlen: 64955.786164

Number of unique elements: 1379

---Final Tour---
1 11 14 8 18 17 24 28 45 61 79 67 100 118 131 119 125 89 115 145 129 114 107 80 64 39 42 22 16 32 40 33 26 13 5 4 9 21 37 35 51 43 83 93 111 96 77 75 50 59 49 73 143 184 173 203 233 235 208 241 272 292 323 336 349 313 278 279 268 229 222 171 132 144 162 148 135 138 122 150 136 166 141 147 104 86 78 54 63 74 98 97 88 84 112 128 157 176 198 230 189 226 250 269 307 332 290 284 321 316 285 256 243 295 310 273 245 260 223 213 201 197 204 225 244 261 283 338 341 356 362 325 363 337 308 318 317 311 299 265 247 293 264 286 296 251 257 194 179 185 159 164 152 126 153 165 191 206 237 224 211 175 172 160 186 214 234 239 252 258 253 267 266 329 282 287 314 330 358 392 421 439 429 451 453 419 385 382 346 344 326 322 366 357 364 381 375 416 402 418 423 405 383 401 369 374 404 452 431 472 493 492 501 546 531 537 543 567 581 605 596 592 611 586 572 555 534 507 516 536 542 499 460 454 445 458 478 479 506 480 461 467 440 415 413 425 378 407 403 398 384 328 351 345 355 350 367 361 372 428 422 409 391 417 433 475 505 504 519 553 557 570 593 597 579 600 616 649 630 619 640 641 659 675 673 709 714 700 694 746 744 765 767 781 794 816 786 729 712 692 719 672 661 643 634 609 602 599 594 628 644 633 652 656 682 668 697 723 710 706 687 664 639 613 606 617 637 669 695 721 735 728 752 788 805 771 736 749 734 753 806 796 764 779 823 825 832 842 847 880 905 926 937 915 916 901 925 892 884 840 852 854 862 871 882 896 890 865 877 883 904 906 899 895 911 934 924 927 947 964 979 998 1011 1040 1051 1060 1087 1099 1088 1071 1083 1126 1152 1177 1150 1135 1122 1109 1128 1151 1167 1166 1199 1184 1144 1137 1129 1118 1100 1102 1113 1094 1068 1058 1055 1059 1075 1101 1090 1086 1104 1123 1143 1147 1158 1168 1193 1175 1201 1207 1231 1245 1251 1241 1232 1220 1240 1271 1266 1270 1312 1328 1335 1350 1359 1353 1342 1326 1321 1305 1299 1308 1296 1297 1294 1316 1329 1307 1268 1258 1204 1208 1229 1219 1191 1178 1163 1172 1160 1161 1157 1120 1103 1110 1108 1133 1164 1142 1130 1153 1169 1185 1237 1262 1281 1291 1280 1256 1269 1286 1283 1277 1292 1315 1332 1340 1341 1346 1345 1352 1363 1367 1364 1343 1330 1314 1313 1317 1336 1323 1338 1334 1354 1355 1357 1360 1366 1374 1379 1378 1371 1372 1376 1375 1370 1377 1365 1369 1361 1351 1362 1373 1368 1356 1358 1349 1337 1333 1344 1320 1304 1327 1347 1348 1322 1295 1285 1265 1267 1276 1272 1260 1236 1221 1225 1230 1246 1259 1233 1212 1197 1203 1202 1223 1209 1189 1183 1140 1159 1127 1115 1074 1052 1023 1025 1050 1043 1020 1013 1007 972 988 992 974 958 941 949 933 917 919 938 980 1002 1004 1035 1042 1037 1009 1006 986 952 940 969 944 946 966 971 963 968 999 981 962 936 939 929 930 948 945 953 967 991 973 976 995 1016 1026 1029 1038 1047 1045 1064 1092 1080 1077 1091 1121 1132 1111 1106 1093 1081 1048 1056 1062 1066 1065 1018 994 961 977 997 985 987 965 931 824 876 891 912 909 887 872 856 835 851 843 798 783 797 799 820 850 837 860 833 863 864 861 867 893 900 920 928 956 943 914 922 954 918 957 970 950 921 910 902 878 868 845 822 803 789 775 762 774 761 733 704 738 693 702 725 698 769 745 722 691 708 653 621 577 552 551 532 540 526 515 494 463 444 482 481 477 523 539 564 571 598 588 622 624 663 646 618 589 565 548 575 573 591 604 626 615 635 658 666 642 657 679 701 724 689 683 676 685 705 711 703 730 755 759 758 785 814 811 807 821 848 841 831 830 855 874 885 888 894 908 873 858 836 826 815 795 787 780 760 770 802 809 813 777 778 754 757 742 720 716 674 696 726 776 791 828 808 756 751 688 727 750 740 715 678 662 647 614 590 625 638 601 585 566 587 569 610 603 583 576 568 574 535 527 508 529 510 514 509 484 487 500 470 468 464 432 414 399 410 434 459 465 490 462 474 488 489 513 520 486 512 528 524 560 556 550 538 562 612 654 681 670 648 631 636 650 607 554 561 578 544 491 511 525 518 533 517 502 485 450 437 448 441 455 447 389 408 397 377 365 359 371 373 390 386 387 406 420 443 436 393 380 376 352 342 319 301 274 263 238 254 275 288 353 339 335 348 302 281 305 259 280 312 320 333 347 309 294 300 315 331 370 368 396 395 394 435 424 446 471 476 469 473 483 430 426 412 388 327 354 340 324 297 271 270 255 231 177 200 196 180 227 218 212 190 158 155 151 120 130 187 154 163 117 121 99 58 76 116 113 168 169 219 174 178 181 215 242 306 303 343 289 232 199 207 276 304 379 400 442 456 503 449 457 495 530 547 541 558 563 582 595 627 629 608 620 651 665 660 655 690 671 667 707 732 747 739 737 718 686 717 743 766 772 792 817 810 804 800 857 886 889 866 834 829 844 875 849 827 838 881 907 932 959 975 951 1010 1017 1001 1019 1005 1014 1036 1039 1024 1022 1000 982 983 984 1012 978 990 996 1032 1015 1030 1033 1028 1063 1072 1067 1078 1105 1085 1057 1076 1044 1054 1031 1027 989 1003 993 1034 1049 1061 1084 1107 1097 1069 1046 1079 1095 1119 1141 1149 1154 1180 1179 1214 1194 1210 1227 1222 1234 1243 1252 1264 1254 1244 1249 1239 1247 1261 1284 1309 1298 1300 1302 1318 1325 1306 1293 1290 1287 1278 1263 1275 1288 1311 1310 1319 1324 1339 1331 1303 1301 1289 1282 1273 1257 1250 1238 1235 1228 1226 1248 1255 1279 1274 1253 1242 1224 1200 1173 1176 1174 1198 1215 1211 1192 1218 1187 1155 1195 1217 1188 1206 1196 1170 1171 1146 1125 1114 1089 1070 1096 1117 1136 1165 1138 1156 1131 1139 1116 1145 1134 1148 1162 1182 1190 1186 1213 1216 1205 1181 1124 1112 1098 1082 1073 1053 1041 1021 1008 955 960 942 923 935 897 853 859 870 879 898 913 903 869 846 819 801 763 793 812 839 790 768 784 773 818 782 741 748 731 699 713 684 680 677 623 632 645 584 580 559 549 498 522 545 521 497 427 438 496 466 411 360 334 298 236 220 202 62 108 134 140 123 94 71 57 34 72 47 48 41 29 27 12 7 20 15 56 82 90 92 106 103 95 137 139 156 183 195 217 205 209 246 240 228 249 291 277 262 248 221 193 192 216 210 188 182 161 149 110 109 105 87 65 60 53 81 44 69 91 102 127 133 85 66 101 142 167 170 146 124 70 52 55 36 38 68 46 31 30 25 19 23 10 3 2 6 1

Final Tour Length: 64955.786164

---Execution Time---
2.181842 seconds
