--- VNS algorithm results for the problem eil51.tsp ---

Node_ID    X-coo        Y-coo
1         37.000000   52.000000
2         49.000000   49.000000
3         52.000000   64.000000
4         20.000000   26.000000
5         40.000000   30.000000
6         21.000000   47.000000
7         17.000000   63.000000
8         31.000000   62.000000
9         52.000000   33.000000
10         51.000000   21.000000
11         42.000000   41.000000
12         31.000000   32.000000
13         5.000000   25.000000
14         12.000000   42.000000
15         36.000000   16.000000
16         52.000000   41.000000
17         27.000000   23.000000
18         17.000000   33.000000
19         13.000000   13.000000
20         57.000000   58.000000
21         62.000000   42.000000
22         42.000000   57.000000
23         16.000000   57.000000
24         8.000000   52.000000
25         7.000000   38.000000
26         27.000000   68.000000
27         30.000000   48.000000
28         43.000000   67.000000
29         58.000000   48.000000
30         58.000000   27.000000
31         37.000000   69.000000
32         38.000000   46.000000
33         46.000000   10.000000
34         61.000000   33.000000
35         62.000000   63.000000
36         63.000000   69.000000
37         32.000000   22.000000
38         45.000000   35.000000
39         59.000000   15.000000
40         5.000000   6.000000
41         10.000000   17.000000
42         21.000000   10.000000
43         5.000000   64.000000
44         30.000000   15.000000
45         39.000000   10.000000
46         32.000000   39.000000
47         25.000000   32.000000
48         25.000000   55.000000
49         48.000000   28.000000
50         56.000000   37.000000
51         30.000000   40.000000

Size of tour: 51
MSTlen: 439.401323

Number of unique elements: 51

---Final Tour---
1 22 2 16 50 9 49 5 38 11 32 27 6 24 43 7 23 48 8 26 31 28 3 36 35 20 29 21 34 30 10 39 33 45 15 44 42 19 40 41 13 25 14 18 4 17 37 47 12 46 51 1

Final Tour Length: 439.401323

---Execution Time---
0.013993 seconds
